0   -251.228  -503.089  176.092  0  0.0000000  1.2000000
0   -251.257  -503.087  175.720  0  0.0221247  1.2000000
0   -251.286  -503.085  175.894  0  0.0294996  1.2000000
0   -251.316  -503.083  175.921  0  0.0319579  1.2000000
0   -251.347  -503.080  175.860  0  0.0327774  1.2000000
0   -251.378  -503.078  176.147  0  0.0330505  1.2000000
0   -251.409  -503.076  176.264  0  0.0331416  1.2000000
0   -251.440  -503.074  176.282  0  0.0331719  1.2000000
0   -251.472  -503.072  176.640  0  0.0331820  1.2000000
0   -251.503  -503.070  176.700  0  0.0331854  1.2000000
0   -251.535  -503.068  176.762  0  0.0331865  1.2000000
0   -251.566  -503.066  176.811  0  0.0331869  1.2000000
0   -251.598  -503.065  176.975  0  0.0331870  1.2000000
0   -251.631  -503.063  177.002  0  0.0331871  1.2000000
0   -251.663  -503.061  177.026  0  0.0331871  1.2000000
0   -251.696  -503.060  177.089  0  0.0331871  1.2000000
0   -251.729  -503.058  177.048  0  0.0290491  1.2000000
0   -251.763  -503.056  177.240  0  0.0224048  1.2000000
0   -251.797  -503.055  177.205  0  0.0181149  1.2000000
0   -251.830  -503.053  177.056  0  0.0150109  1.2000000
0   -251.864  -503.051  177.211  0  0.0122580  1.2000000
0   -251.898  -503.049  177.190  0  0.0095387  1.2000000
0   -251.932  -503.048  177.038  0  0.0072707  1.2000000
0   -251.966  -503.046  177.183  0  0.0052075  1.2000000
0   -252.000  -503.044  177.179  0  0.0031962  1.2000000
0   -252.035  -503.043  177.095  0  0.0015536  1.2000000
0   -252.070  -503.041  177.257  0  0.0011082  1.2000000
0   -252.105  -503.039  177.238  0  0.0020475  1.2000000
0   -252.141  -503.037  177.128  0  0.0032325  1.2000000
0   -252.177  -503.036  177.172  0  0.0042574  1.2000000
0   -252.213  -503.034  177.132  0  0.0052682  1.2000000
0   -252.249  -503.032  177.098  0  0.0061223  1.2000000
0   -252.286  -503.030  177.122  0  0.0068375  1.2000000
0   -252.322  -503.028  177.139  0  0.0075215  1.2000000
0   -252.359  -503.027  177.141  0  0.0081038  1.2000000
0   -252.396  -503.025  177.124  0  0.0086752  1.2000000
0   -252.432  -503.023  177.078  0  0.0092416  1.2000000
0   -252.469  -503.021  177.014  0  0.0095846  1.2000000
0   -252.505  -503.019  176.975  0  0.0097661  1.2000000
0   -252.542  -503.017  176.923  0  0.0098879  1.2000000
0   -252.579  -503.015  176.843  0  0.0097446  1.2000000
0   -252.616  -503.013  176.858  0  0.0094102  1.2000000
0   -252.653  -503.011  176.828  0  0.0090488  1.2000000
0   -252.690  -503.009  176.748  0  0.0084670  1.2000000
0   -252.727  -503.007  176.813  0  0.0078129  1.2000000
0   -252.765  -503.005  176.793  0  0.0073608  1.2000000
0   -252.803  -503.003  176.704  0  0.0068535  1.2000000
0   -252.840  -503.001  176.793  0  0.0063251  1.2000000
0   -252.878  -502.998  176.791  0  0.0059520  1.2000000
0   -252.915  -502.996  176.703  0  0.0055196  1.2000000
0   -252.953  -502.994  176.821  0  0.0050693  1.2000000
0   -252.990  -502.992  176.806  0  0.0047208  1.2000000
0   -253.028  -502.990  176.684  0  0.0043616  1.2000000
0   -253.065  -502.988  176.811  0  0.0040719  1.2000000
0   -253.103  -502.986  176.780  0  0.0039384  1.2000000
0   -253.141  -502.984  176.648  0  0.0037759  1.2000000
0   -253.179  -502.981  176.786  0  0.0036151  1.2000000
0   -253.217  -502.979  176.775  0  0.0035268  1.2000000
0   -253.255  -502.977  176.628  0  0.0033359  1.2000000
0   -253.293  -502.975  176.765  0  0.0031872  1.2000000
0   -253.331  -502.973  176.725  0  0.0031705  1.2000000
0   -253.369  -502.971  176.556  0  0.0030246  1.2000000
0   -253.407  -502.968  176.707  0  0.0029038  1.2000000
0   -253.445  -502.966  176.635  0  0.0028407  1.2000000
0   -253.483  -502.964  176.629  0  0.0027050  1.2000000
0   -253.521  -502.962  176.603  0  0.0025860  1.2000000
0   -253.560  -502.959  176.668  0  0.0025127  1.2000000
0   -253.598  -502.957  176.647  0  0.0025454  1.2000000
0   -253.637  -502.955  176.537  0  0.0025683  1.2000000
0   -253.676  -502.952  176.644  0  0.0025561  1.2000000
0   -253.715  -502.950  176.608  0  0.0026182  1.2000000
0   -253.754  -502.948  176.545  0  0.0026805  1.2000000
0   -253.793  -502.945  176.727  0  0.0028410  1.2000000
0   -253.832  -502.943  176.740  0  0.0032690  1.2000000
0   -253.871  -502.941  176.642  0  0.0037901  1.2000000
0   -253.910  -502.939  176.703  0  0.0042810  1.2000000
0   -253.949  -502.936  176.653  0  0.0048509  1.2000000
0   -253.988  -502.934  176.536  0  0.0054329  1.2000000
0   -254.027  -502.932  176.611  0  0.0059718  1.2000000
0   -254.066  -502.930  176.609  0  0.0066527  1.2000000
1   -254.106  -502.927  176.524  0  0.0073073  1.2000000
1   -254.145  -502.925  176.564  0  0.0078221  1.2000000
1   -254.184  -502.922  176.506  0  0.0083249  1.2000000
1   -254.223  -502.920  176.397  0  0.0085556  1.2000000
1   -254.262  -502.918  176.453  0  0.0086385  1.2000000
1   -254.301  -502.915  176.439  0  0.0087954  1.2000000
1   -254.339  -502.913  176.353  0  0.0088946  1.2000000
1   -254.377  -502.910  176.443  0  0.0090623  1.2000000
1   -254.415  -502.908  176.424  0  0.0092826  1.2000000
1   -254.452  -502.906  176.309  0  0.0092744  1.2000000
1   -254.489  -502.903  176.405  0  0.0092679  1.2000000
1   -254.526  -502.901  176.355  0  0.0093327  1.2000000
1   -254.562  -502.899  176.177  0  0.0090993  1.2000000
1   -254.599  -502.896  176.247  0  0.0087217  1.2000000
1   -254.636  -502.894  176.198  0  0.0083288  1.2000000
1   -254.672  -502.891  176.056  0  0.0077062  1.2000000
1   -254.708  -502.889  176.235  0  0.0071263  1.2000000
1   -254.744  -502.887  176.235  0  0.0067761  1.2000000
1   -254.780  -502.884  176.104  0  0.0063164  1.2000000
1   -254.816  -502.882  176.307  0  0.0060120  1.2000000
1   -254.853  -502.879  176.231  0  0.0058926  1.2000000
1   -254.890  -502.877  176.192  0  0.0056502  1.2000000
1   -254.927  -502.874  176.099  0  0.0053682  1.2000000
1   -254.964  -502.872  176.152  0  0.0050401  1.2000000
1   -255.002  -502.869  176.072  0  0.0045706  1.2000000
1   -255.039  -502.867  176.098  0  0.0041197  1.2000000
1   -255.077  -502.864  175.985  0  0.0035928  1.2000000
1   -255.114  -502.862  176.103  0  0.0029864  1.2000000
1   -255.151  -502.859  176.054  0  0.0026821  1.2000000
1   -255.189  -502.857  176.128  0  0.0025813  1.2000000
1   -255.226  -502.854  176.077  0  0.0025509  1.2000000
1   -255.264  -502.851  176.048  0  0.0026772  1.2000000
1   -255.301  -502.849  176.032  0  0.0028409  1.2000000
1   -255.339  -502.846  176.075  0  0.0029219  1.2000000
1   -255.376  -502.844  176.094  0  0.0031270  1.2000000
1   -255.413  -502.841  176.069  0  0.0033640  1.2000000
1   -255.451  -502.839  176.172  0  0.0036509  1.2000000
1   -255.489  -502.836  176.098  0  0.0040757  1.2000000
1   -255.526  -502.833  176.008  0  0.0044602  1.2000000
1   -255.564  -502.831  176.068  0  0.0048904  1.2000000
1   -255.601  -502.828  176.087  0  0.0055658  1.2000000
1   -255.639  -502.826  175.990  0  0.0063558  1.2000000
1   -255.676  -502.823  176.070  0  0.0072743  1.2000000
1   -255.714  -502.821  176.045  0  0.0084203  1.2000000
1   -255.751  -502.818  175.899  0  0.0094012  1.2000000
1   -255.788  -502.815  176.037  0  0.0102932  1.2000000
1   -255.825  -502.813  175.919  0  0.0113277  1.2000000
1   -255.861  -502.810  175.840  0  0.0122631  1.2000000
1   -255.898  -502.807  175.816  0  0.0130482  1.2000000
1   -255.934  -502.805  175.879  0  0.0139634  1.2000000
1   -255.970  -502.802  175.824  0  0.0149565  1.2000000
1   -256.007  -502.800  175.814  0  0.0158702  1.2000000
1   -256.043  -502.797  175.796  0  0.0167945  1.2000000
1   -256.079  -502.794  175.789  0  0.0176624  1.2000000
1   -256.115  -502.792  175.738  0  0.0184925  1.2000000
1   -256.151  -502.789  175.672  0  0.0192623  1.2000000
1   -256.187  -502.786  175.549  0  0.0197719  1.2000000
1   -256.223  -502.783  175.516  0  0.0200128  1.2000000
1   -256.258  -502.781  175.461  0  0.0200346  1.2000000
1   -256.293  -502.778  175.330  0  0.0197158  1.2000000
1   -256.329  -502.775  175.447  0  0.0193690  1.2000000
1   -256.364  -502.772  175.350  0  0.0190251  1.2000000
1   -256.400  -502.769  175.192  0  0.0183285  1.2000000
1   -256.435  -502.766  175.278  0  0.0175518  1.2000000
1   -256.471  -502.763  175.226  0  0.0168927  1.2000000
1   -256.506  -502.760  175.042  0  0.0160006  1.2000000
1   -256.542  -502.757  175.129  0  0.0149082  1.2000000
1   -256.578  -502.754  175.093  0  0.0139368  1.2000000
1   -256.614  -502.751  174.938  0  0.0127686  1.2000000
1   -256.650  -502.748  175.111  0  0.0115601  1.2000000
1   -256.685  -502.745  175.018  0  0.0105806  1.2000000
1   -256.721  -502.742  174.980  0  0.0096230  1.2000000
1   -256.757  -502.739  174.940  0  0.0087602  1.2000000
1   -256.793  -502.735  175.032  0  0.0081031  1.2000000
1   -256.830  -502.732  174.981  0  0.0076404  1.2000000
1   -256.866  -502.729  175.024  0  0.0075089  1.2000000
1   -256.902  -502.726  174.982  0  0.0074593  1.2000000
1   -256.938  -502.723  175.041  0  0.0072916  1.2000000
1   -256.974  -502.720  175.008  0  0.0073308  1.2000000
1   -257.011  -502.716  175.031  0  0.0074629  1.2000000
2   -257.047  -502.713  174.942  0  0.0074626  1.2000000
2   -257.084  -502.710  174.949  0  0.0075810  1.2000000
2   -257.121  -502.707  174.929  0  0.0077782  1.2000000
2   -257.159  -502.703  174.817  0  0.0077201  1.2000000
2   -257.196  -502.700  174.953  0  0.0078021  1.2000000
2   -257.233  -502.697  174.837  0  0.0079415  1.2000000
2   -257.271  -502.693  174.789  0  0.0077780  1.2000000
2   -257.308  -502.690  174.783  0  0.0075900  1.2000000
2   -257.345  -502.686  174.688  0  0.0073123  1.2000000
2   -257.383  -502.683  174.771  0  0.0069137  1.2000000
2   -257.420  -502.680  174.658  0  0.0064988  1.2000000
2   -257.458  -502.676  174.512  0  0.0057753  1.2000000
2   -257.495  -502.673  174.719  0  0.0049861  1.2000000
2   -257.532  -502.669  174.758  0  0.0045666  1.2000000
2   -257.569  -502.666  174.627  0  0.0041601  1.2000000
2   -257.606  -502.662  174.775  0  0.0037456  1.2000000
2   -257.643  -502.659  174.729  0  0.0035831  1.2000000
2   -257.680  -502.655  174.579  0  0.0033095  1.2000000
2   -257.717  -502.652  174.739  0  0.0029485  1.2000000
2   -257.754  -502.649  174.724  0  0.0028709  1.2000000
2   -257.790  -502.645  174.611  0  0.0026994  1.2000000
2   -257.827  -502.642  174.732  0  0.0024386  1.2000000
2   -257.863  -502.638  174.729  0  0.0024604  1.2000000
2   -257.899  -502.635  174.631  0  0.0024807  1.2000000
2   -257.936  -502.632  174.737  0  0.0025145  1.2000000
2   -257.972  -502.628  174.707  0  0.0026870  1.2000000
2   -258.008  -502.625  174.597  0  0.0027465  1.2000000
2   -258.044  -502.622  174.686  0  0.0028745  1.2000000
2   -258.080  -502.618  174.664  0  0.0031437  1.2000000
2   -258.115  -502.615  174.532  0  0.0031244  1.2000000
2   -258.151  -502.611  174.632  0  0.0029792  1.2000000
2   -258.187  -502.608  174.596  0  0.0029148  1.2000000
2   -258.224  -502.605  174.488  0  0.0026120  1.2000000
2   -258.260  -502.601  174.600  0  0.0022891  1.2000000
2   -258.296  -502.598  174.601  0  0.0021610  1.2000000
2   -258.332  -502.594  174.514  0  0.0018971  1.2000000
2   -258.368  -502.591  174.625  0  0.0016400  1.2000000
2   -258.405  -502.587  174.603  0  0.0015963  1.2000000
2   -258.441  -502.584  174.519  0  0.0014232  1.2000000
2   -258.477  -502.580  174.608  0  0.0012489  1.2000000
2   -258.514  -502.577  174.613  0  0.0012803  1.2000000
2   -258.550  -502.574  174.555  0  0.0013245  1.2000000
2   -258.587  -502.570  174.623  0  0.0014618  1.2000000
2   -258.624  -502.567  174.605  0  0.0016967  1.2000000
2   -258.661  -502.563  174.502  0  0.0017995  1.2000000
2   -258.697  -502.560  174.588  0  0.0019816  1.2000000
2   -258.734  -502.556  174.579  0  0.0023290  1.2000000
2   -258.771  -502.553  174.500  0  0.0025507  1.2000000
2   -258.808  -502.549  174.616  0  0.0029088  1.2000000
2   -258.845  -502.546  174.610  0  0.0034337  1.2000000
2   -258.882  -502.542  174.506  0  0.0037991  1.2000000
2   -258.919  -502.538  174.615  0  0.0043126  1.2000000
2   -258.956  -502.535  174.599  0  0.0049831  1.2000000
2   -258.993  -502.532  174.444  0  0.0053728  1.2000000
2   -259.030  -502.528  174.591  0  0.0058527  1.2000000
2   -259.067  -502.524  174.489  0  0.0064962  1.2000000
2   -259.103  -502.521  174.440  0  0.0069774  1.2000000
2   -259.140  -502.517  174.394  0  0.0074814  1.2000000
2   -259.176  -502.514  174.456  0  0.0080609  1.2000000
2   -259.212  -502.510  174.409  0  0.0086307  1.2000000
2   -259.249  -502.507  174.413  0  0.0093323  1.2000000
2   -259.285  -502.503  174.329  0  0.0100198  1.2000000
2   -259.321  -502.500  174.377  0  0.0105698  1.2000000
2   -259.357  -502.496  174.381  0  0.0112814  1.2000000
2   -259.394  -502.492  174.304  0  0.0119207  1.2000000
2   -259.430  -502.489  174.404  0  0.0124224  1.2000000
2   -259.466  -502.485  174.320  0  0.0130571  1.2000000
2   -259.502  -502.482  174.174  0  0.0134928  1.2000000
2   -259.539  -502.478  174.311  0  0.0137857  1.2000000
2   -259.576  -502.474  174.281  0  0.0143812  1.2000000
2   -259.613  -502.471  174.106  0  0.0148995  1.2000000
2   -259.650  -502.467  174.151  0  0.0152210  1.2000000
2   -259.687  -502.463  174.060  0  0.0156049  1.2000000
2   -259.725  -502.459  173.897  0  0.0157819  1.2000000
2   -259.762  -502.455  173.972  0  0.0157555  1.2000000
2   -259.800  -502.451  173.927  0  0.0157658  1.2000000
2   -259.839  -502.447  173.788  0  0.0156467  1.2000000
2   -259.877  -502.443  173.874  0  0.0155047  1.2000000
2   -259.915  -502.439  173.843  0  0.0155576  1.2000000
2   -259.954  -502.434  173.722  0  0.0155434  1.2000000
3   -259.993  -502.430  173.858  0  0.0156143  1.2000000
3   -260.032  -502.426  173.826  0  0.0159313  1.2000000
3   -260.070  -502.422  173.701  0  0.0161884  1.2000000
3   -260.109  -502.418  173.761  0  0.0164843  1.2000000
3   -260.148  -502.413  173.705  0  0.0168645  1.2000000
3   -260.187  -502.409  173.563  0  0.0169659  1.2000000
3   -260.225  -502.405  173.596  0  0.0169211  1.2000000
3   -260.264  -502.400  173.536  0  0.0169617  1.2000000
3   -260.303  -502.396  173.441  0  0.0169563  1.2000000
3   -260.342  -502.391  173.497  0  0.0170981  1.2000000
3   -260.381  -502.387  173.469  0  0.0175403  1.2000000
3   -260.420  -502.383  173.370  0  0.0180341  1.2000000
3   -260.459  -502.378  173.381  0  0.0186232  1.2000000
3   -260.498  -502.373  173.312  0  0.0193819  1.2000000
3   -260.537  -502.369  173.195  0  0.0200681  1.2000000
3   -260.576  -502.364  173.183  0  0.0207423  1.2000000
3   -260.615  -502.360  173.122  0  0.0214952  1.2000000
3   -260.654  -502.355  173.012  0  0.0221415  1.2000000
3   -260.694  -502.350  173.036  0  0.0228350  1.2000000
3   -260.733  -502.345  173.004  0  0.0237824  1.2000000
3   -260.773  -502.340  172.934  0  0.0248692  1.2000000
3   -260.813  -502.335  173.029  0  0.0262882  1.2000000
3   -260.853  -502.330  173.006  0  0.0281964  1.2000000
3   -260.893  -502.326  172.876  0  0.0302929  1.2000000
3   -260.933  -502.321  172.873  0  0.0325392  1.2000000
3   -260.972  -502.316  172.766  0  0.0349778  1.2000000
3   -261.012  -502.311  172.583  0  0.0373441  1.2000000
3   -261.052  -502.305  172.567  0  0.0397260  1.2000000
3   -261.092  -502.300  172.450  0  0.0423217  1.2000000
3   -261.132  -502.295  172.263  0  0.0449520  1.2000000
3   -261.172  -502.289  172.247  0  0.0477277  1.2000000
3   -261.212  -502.284  172.130  0  0.0508582  1.2000000
3   -261.252  -502.278  171.937  0  0.0541475  1.2000000
3   -261.291  -502.273  171.913  0  0.0576764  1.2000000
3   -261.331  -502.267  171.774  0  0.0615275  1.2000000
3   -261.370  -502.262  171.546  0  0.0654376  1.2000000
3   -261.410  -502.256  171.473  0  0.0693917  1.2000000
3   -261.449  -502.250  171.296  0  0.0733824  1.2000000
3   -261.488  -502.244  171.066  0  0.0771988  1.2000000
3   -261.527  -502.238  170.976  0  0.0810627  1.2000000
3   -261.566  -502.232  170.807  0  0.0850842  1.2000000
3   -261.605  -502.225  170.551  0  0.0890564  1.2000000
3   -261.643  -502.219  170.443  0  0.0932212  1.2000000
3   -261.682  -502.212  170.217  0  0.0976061  1.2000000
3   -261.721  -502.206  169.909  0  0.1019394  1.2000000
3   -261.759  -502.199  169.739  0  0.1063293  1.2000000
3   -261.798  -502.192  169.462  0  0.1107986  1.2000000
3   -261.836  -502.185  169.078  0  0.1150433  1.2000000
3   -261.875  -502.177  168.859  0  0.1191042  1.2000000
3   -261.913  -502.170  168.504  0  0.1229598  1.2000000
3   -261.951  -502.162  168.211  0  0.1265036  1.2000000
3   -261.990  -502.154  167.877  0  0.1298759  1.2000000
3   -262.028  -502.146  167.684  0  0.1332268  1.2000000
3   -262.065  -502.137  167.332  0  0.1365709  1.2000000
3   -262.103  -502.129  167.138  0  0.1399933  1.2000000
3   -262.141  -502.120  166.671  0  0.1432971  1.2000000
3   -262.178  -502.112  166.521  0  0.1464186  1.2000000
3   -262.215  -502.103  166.129  0  0.1495010  1.2000000
3   -262.252  -502.094  165.746  0  0.1522291  1.2000000
3   -262.288  -502.084  165.418  0  0.1545331  1.1969183
3   -262.324  -502.075  165.056  0  0.1565595  1.1814451
3   -262.360  -502.065  164.673  0  0.1583128  1.1683756
3   -262.396  -502.056  164.300  0  0.1598067  1.1574659
3   -262.431  -502.046  163.957  0  0.1612178  1.1473469
3   -262.466  -502.036  163.641  0  0.1625960  1.1376328
3   -262.501  -502.025  163.320  0  0.1639399  1.1283173
3   -262.536  -502.015  162.972  0  0.1652372  1.1194688
3   -262.570  -502.004  162.602  0  0.1664002  1.1116531
3   -262.604  -501.994  162.213  0  0.1672844  1.1057839
3   -262.638  -501.983  161.818  0  0.1678209  1.1022530
3   -262.672  -501.972  161.458  0  0.1680239  1.1009224
3   -262.705  -501.961  161.120  0  0.1680506  1.1007476
3   -262.738  -501.949  160.785  0  0.1679505  1.1014029
3   -262.772  -501.938  160.488  0  0.1677375  1.1028004
3   -262.805  -501.926  160.217  0  0.1676510  1.1033689
3   -262.837  -501.914  159.951  0  0.1677461  1.1027436
3   -262.870  -501.902  159.630  0  0.1679363  1.1014959
3   -262.903  -501.890  159.253  0  0.1680732  1.1006001
3   -262.936  -501.878  158.846  0  0.1679983  1.1010903
3   -262.969  -501.865  158.475  0  0.1676447  1.1034100
4   -263.001  -501.852  158.129  0  0.1670408  1.1073947
4   -263.034  -501.839  157.793  0  0.1662301  1.1127898
4   -263.067  -501.825  157.466  0  0.1652693  1.1192515
4   -263.100  -501.812  157.135  0  0.1642191  1.1264009
4   -263.133  -501.798  156.796  0  0.1631162  1.1340086
4   -263.166  -501.784  156.455  0  0.1619812  1.1419457
4   -263.199  -501.769  156.105  0  0.1607997  1.1503265
4   -263.232  -501.755  155.746  0  0.1594940  1.1597325
4   -263.265  -501.740  155.393  0  0.1579770  1.1708559
4   -263.298  -501.725  155.037  0  0.1561631  1.1844402
4   -263.332  -501.709  154.677  0  0.1539849  1.2000000
4   -263.365  -501.693  154.347  0  0.1514814  1.2000000
4   -263.399  -501.677  154.035  0  0.1488049  1.2000000
4   -263.433  -501.661  153.733  0  0.1461441  1.2000000
4   -263.467  -501.644  153.435  0  0.1436533  1.2000000
4   -263.501  -501.627  153.132  0  0.1414061  1.2000000
4   -263.536  -501.609  152.818  0  0.1393673  1.2000000
4   -263.570  -501.591  152.513  0  0.1374664  1.2000000
4   -263.605  -501.573  152.211  0  0.1356578  1.2000000
4   -263.640  -501.555  151.909  0  0.1339261  1.2000000
4   -263.674  -501.537  151.611  0  0.1322978  1.2000000
4   -263.709  -501.518  151.313  0  0.1308131  1.2000000
4   -263.743  -501.499  151.008  0  0.1294909  1.2000000
4   -263.777  -501.480  150.748  0  0.1283937  1.2000000
4   -263.811  -501.461  150.529  0  0.1276530  1.2000000
4   -263.845  -501.442  150.343  0  0.1273714  1.2000000
4   -263.879  -501.423  150.129  0  0.1275285  1.2000000
4   -263.912  -501.404  149.881  0  0.1279764  1.2000000
4   -263.945  -501.385  149.596  0  0.1285438  1.2000000
4   -263.978  -501.365  149.297  0  0.1291227  1.2000000
4   -264.010  -501.346  148.977  0  0.1296559  1.2000000
4   -264.042  -501.327  148.636  0  0.1300718  1.2000000
4   -264.074  -501.307  148.332  0  0.1303482  1.2000000
4   -264.106  -501.288  148.058  0  0.1305411  1.2000000
4   -264.137  -501.268  147.802  0  0.1307088  1.2000000
4   -264.168  -501.249  147.532  0  0.1308707  1.2000000
4   -264.199  -501.229  147.240  0  0.1309899  1.2000000
4   -264.230  -501.209  146.930  0  0.1310013  1.2000000
4   -264.260  -501.189  146.622  0  0.1308669  1.2000000
4   -264.291  -501.169  146.307  0  0.1305464  1.2000000
4   -264.321  -501.149  145.982  0  0.1299308  1.2000000
4   -264.351  -501.129  145.710  0  0.1289483  1.2000000
4   -264.381  -501.108  145.484  0  0.1276622  1.2000000
4   -264.411  -501.088  145.284  0  0.1262424  1.2000000
4   -264.441  -501.067  145.059  0  0.1248619  1.2000000
4   -264.470  -501.046  144.801  0  0.1236097  1.2000000
4   -264.500  -501.026  144.517  0  0.1224912  1.2000000
4   -264.530  -501.004  144.254  0  0.1215215  1.2000000
4   -264.559  -500.983  144.006  0  0.1207421  1.2000000
4   -264.589  -500.962  143.765  0  0.1201506  1.2000000
4   -264.618  -500.940  143.528  0  0.1197254  1.2000000
4   -264.647  -500.919  143.288  0  0.1194622  1.2000000
4   -264.676  -500.897  143.043  0  0.1193720  1.2000000
4   -264.705  -500.875  142.801  0  0.1194784  1.2000000
4   -264.734  -500.853  142.556  0  0.1198052  1.2000000
4   -264.763  -500.831  142.306  0  0.1203669  1.2000000
4   -264.791  -500.809  142.091  0  0.1212419  1.2000000
4   -264.820  -500.787  141.905  0  0.1225410  1.2000000
4   -264.849  -500.765  141.738  0  0.1242851  1.2000000
4   -264.877  -500.742  141.521  0  0.1263425  1.2000000
4   -264.905  -500.720  141.250  0  0.1284964  1.2000000
4   -264.934  -500.697  140.929  0  0.1305663  1.2000000
4   -264.962  -500.674  140.622  0  0.1324923  1.2000000
4   -264.990  -500.651  140.318  0  0.1342909  1.2000000
4   -265.017  -500.628  140.012  0  0.1359571  1.2000000
4   -265.045  -500.605  139.714  0  0.1374935  1.2000000
4   -265.072  -500.582  139.417  0  0.1389185  1.2000000
4   -265.100  -500.559  139.115  0  0.1402471  1.2000000
4   -265.127  -500.535  138.819  0  0.1415147  1.2000000
4   -265.154  -500.511  138.522  0  0.1427653  1.2000000
4   -265.181  -500.488  138.220  0  0.1440144  1.2000000
4   -265.207  -500.464  137.902  0  0.1452516  1.2000000
4   -265.234  -500.440  137.559  0  0.1464140  1.2000000
4   -265.261  -500.415  137.192  0  0.1473646  1.2000000
4   -265.287  -500.391  136.874  0  0.1480275  1.2000000
4   -265.313  -500.366  136.595  0  0.1484916  1.2000000
4   -265.339  -500.342  136.340  0  0.1489202  1.2000000
4   -265.365  -500.317  136.083  0  0.1494487  1.2000000
4   -265.391  -500.292  135.815  0  0.1501245  1.2000000
4   -265.417  -500.267  135.534  0  0.1509302  1.2000000
5   -265.442  -500.242  135.251  0  0.1518558  1.2000000
5   -265.468  -500.217  134.955  0  0.1528955  1.2000000
5   -265.493  -500.192  134.648  0  0.1539951  1.2000000
5   -265.518  -500.166  134.328  0  0.1550629  1.1928339
5   -265.543  -500.141  133.987  0  0.1559913  1.1857432
5   -265.567  -500.115  133.628  0  0.1566969  1.1804098
5   -265.592  -500.090  133.271  0  0.1571798  1.1767878
5   -265.616  -500.064  132.907  0  0.1574912  1.1744640
5   -265.640  -500.038  132.535  0  0.1576578  1.1732237
5   -265.664  -500.012  132.191  0  0.1577206  1.1727577
5   -265.687  -499.986  131.866  0  0.1577241  1.1727317
5   -265.711  -499.960  131.550  0  0.1576300  1.1734310
5   -265.734  -499.934  131.247  0  0.1573662  1.1753954
5   -265.758  -499.907  130.948  0  0.1568871  1.1789810
5   -265.781  -499.880  130.650  0  0.1562001  1.1841598
5   -265.804  -499.853  130.340  0  0.1553571  1.1905780
5   -265.827  -499.826  130.012  0  0.1543922  1.1980099
5   -265.850  -499.799  129.667  0  0.1532901  1.2000000
5   -265.872  -499.772  129.361  0  0.1520798  1.2000000
5   -265.895  -499.744  129.084  0  0.1508733  1.2000000
5   -265.918  -499.716  128.825  0  0.1497838  1.2000000
5   -265.940  -499.689  128.537  0  0.1488499  1.2000000
5   -265.962  -499.661  128.211  0  0.1480074  1.2000000
5   -265.985  -499.632  127.852  0  0.1471523  1.2000000
5   -266.007  -499.604  127.517  0  0.1462631  1.2000000
5   -266.028  -499.576  127.198  0  0.1453888  1.2000000
5   -266.050  -499.547  126.885  0  0.1445370  1.2000000
5   -266.071  -499.519  126.613  0  0.1437323  1.2000000
5   -266.093  -499.490  126.374  0  0.1430524  1.2000000
5   -266.114  -499.461  126.155  0  0.1425700  1.2000000
5   -266.135  -499.432  125.904  0  0.1422869  1.2000000
5   -266.156  -499.404  125.615  0  0.1421226  1.2000000
5   -266.176  -499.375  125.299  0  0.1419768  1.2000000
5   -266.197  -499.346  124.997  0  0.1418094  1.2000000
5   -266.217  -499.317  124.701  0  0.1416129  1.2000000
5   -266.237  -499.288  124.405  0  0.1413463  1.2000000
5   -266.257  -499.259  124.122  0  0.1409860  1.2000000
5   -266.277  -499.230  123.844  0  0.1405635  1.2000000
5   -266.296  -499.201  123.565  0  0.1401471  1.2000000
5   -266.316  -499.171  123.279  0  0.1398122  1.2000000
5   -266.335  -499.142  122.978  0  0.1395835  1.2000000
5   -266.354  -499.112  122.665  0  0.1394007  1.2000000
5   -266.373  -499.082  122.371  0  0.1392084  1.2000000
5   -266.392  -499.053  122.089  0  0.1389795  1.2000000
5   -266.411  -499.023  121.811  0  0.1386751  1.2000000
5   -266.430  -498.992  121.538  0  0.1382766  1.2000000
5   -266.449  -498.962  121.263  0  0.1378090  1.2000000
5   -266.467  -498.932  120.983  0  0.1373232  1.2000000
5   -266.485  -498.901  120.716  0  0.1368926  1.2000000
5   -266.503  -498.871  120.456  0  0.1365836  1.2000000
5   -266.522  -498.840  120.195  0  0.1364171  1.2000000
5   -266.539  -498.809  119.936  0  0.1364036  1.2000000
5   -266.557  -498.778  119.670  0  0.1365412  1.2000000
5   -266.575  -498.747  119.395  0  0.1367924  1.2000000
5   -266.592  -498.716  119.113  0  0.1371051  1.2000000
5   -266.610  -498.685  118.815  0  0.1374291  1.2000000
5   -266.627  -498.654  118.500  0  0.1377054  1.2000000
5   -266.644  -498.623  118.215  0  0.1379299  1.2000000
5   -266.660  -498.592  117.952  0  0.1381543  1.2000000
5   -266.677  -498.561  117.699  0  0.1384372  1.2000000
5   -266.693  -498.530  117.441  0  0.1388461  1.2000000
5   -266.709  -498.499  117.169  0  0.1394188  1.2000000
5   -266.725  -498.468  116.884  0  0.1401302  1.2000000
5   -266.741  -498.437  116.605  0  0.1409316  1.2000000
5   -266.756  -498.406  116.321  0  0.1417795  1.2000000
5   -266.771  -498.376  116.032  0  0.1425982  1.2000000
5   -266.786  -498.345  115.744  0  0.1433025  1.2000000
5   -266.801  -498.314  115.448  0  0.1438187  1.2000000
5   -266.816  -498.283  115.145  0  0.1441028  1.2000000
5   -266.830  -498.252  114.858  0  0.1441874  1.2000000
5   -266.845  -498.221  114.579  0  0.1441528  1.2000000
5   -266.859  -498.190  114.302  0  0.1440511  1.2000000
5   -266.873  -498.158  114.041  0  0.1439249  1.2000000
5   -266.887  -498.127  113.788  0  0.1438017  1.2000000
5   -266.901  -498.095  113.537  0  0.1436678  1.2000000
5   -266.915  -498.064  113.249  0  0.1434574  1.2000000
5   -266.929  -498.032  112.914  0  0.1430426  1.2000000
5   -266.942  -498.000  112.547  0  0.1422817  1.2000000
5   -266.955  -497.968  112.210  0  0.1411279  1.2000000
5   -266.968  -497.936  111.894  0  0.1396299  1.2000000
6   -266.981  -497.904  111.586  0  0.1378351  1.2000000
6   -266.994  -497.872  111.321  0  0.1358313  1.2000000
6   -267.007  -497.840  111.090  0  0.1337540  1.2000000
6   -267.019  -497.807  110.877  0  0.1317338  1.2000000
6   -267.031  -497.775  110.650  0  0.1298582  1.2000000
6   -267.044  -497.743  110.401  0  0.1281252  1.2000000
6   -267.056  -497.711  110.133  0  0.1264641  1.2000000
6   -267.067  -497.679  109.889  0  0.1248423  1.2000000
6   -267.079  -497.646  109.661  0  0.1232856  1.2000000
6   -267.090  -497.614  109.438  0  0.1218121  1.2000000
6   -267.102  -497.583  109.217  0  0.1204346  1.2000000
6   -267.113  -497.551  108.991  0  0.1191855  1.2000000
6   -267.124  -497.519  108.760  0  0.1181158  1.2000000
6   -267.134  -497.487  108.547  0  0.1173026  1.2000000
6   -267.145  -497.455  108.343  0  0.1168072  1.2000000
6   -267.156  -497.424  108.141  0  0.1166447  1.2000000
6   -267.166  -497.392  107.946  0  0.1168408  1.2000000
6   -267.176  -497.360  107.751  0  0.1174037  1.2000000
6   -267.186  -497.328  107.555  0  0.1182760  1.2000000
6   -267.197  -497.296  107.340  0  0.1193527  1.2000000
6   -267.207  -497.264  107.100  0  0.1205232  1.2000000
6   -267.216  -497.232  106.847  0  0.1217278  1.2000000
6   -267.226  -497.200  106.602  0  0.1229894  1.2000000
6   -267.236  -497.167  106.359  0  0.1243230  1.2000000
6   -267.246  -497.135  106.115  0  0.1256830  1.2000000
6   -267.255  -497.102  105.868  0  0.1270065  1.2000000
6   -267.264  -497.069  105.612  0  0.1282170  1.2000000
6   -267.274  -497.036  105.349  0  0.1292540  1.2000000
6   -267.283  -497.003  105.093  0  0.1301109  1.2000000
6   -267.292  -496.970  104.839  0  0.1308284  1.2000000
6   -267.301  -496.936  104.582  0  0.1314724  1.2000000
6   -267.309  -496.902  104.307  0  0.1320569  1.2000000
6   -267.318  -496.868  104.007  0  0.1325022  1.2000000
6   -267.327  -496.834  103.693  0  0.1327225  1.2000000
6   -267.335  -496.800  103.399  0  0.1327122  1.2000000
6   -267.343  -496.765  103.117  0  0.1325373  1.2000000
6   -267.351  -496.730  102.842  0  0.1322868  1.2000000
6   -267.359  -496.694  102.551  0  0.1320302  1.2000000
6   -267.368  -496.658  102.240  0  0.1317809  1.2000000
6   -267.376  -496.621  101.943  0  0.1315520  1.2000000
6   -267.383  -496.584  101.660  0  0.1313954  1.2000000
6   -267.391  -496.547  101.406  0  0.1313914  1.2000000
6   -267.399  -496.509  101.175  0  0.1316467  1.2000000
6   -267.406  -496.471  100.945  0  0.1322567  1.2000000
6   -267.414  -496.433  100.714  0  0.1332786  1.2000000
6   -267.421  -496.395  100.433  0  0.1346977  1.2000000
6   -267.428  -496.357  100.100  0  0.1364216  1.2000000
6   -267.435  -496.319  99.790  0  0.1383974  1.2000000
6   -267.441  -496.281  99.498  0  0.1406612  1.2000000
6   -267.448  -496.242  99.205  0  0.1432629  1.2000000
6   -267.454  -496.204  98.904  0  0.1461893  1.2000000
6   -267.460  -496.165  98.597  0  0.1493685  1.1915565
6   -267.466  -496.127  98.277  0  0.1527293  1.1751514
6   -267.471  -496.089  97.942  0  0.1562012  1.1585437
6   -267.477  -496.050  97.585  0  0.1597083  1.1417692
6   -267.482  -496.012  97.227  0  0.1631827  1.1248325
6   -267.486  -495.975  96.863  0  0.1665278  1.1078062
6   -267.491  -495.937  96.500  0  0.1695998  1.0907042
6   -267.495  -495.901  96.129  0  0.1722443  1.0739763
6   -267.499  -495.865  95.747  0  0.1743264  1.0611626
6   -267.503  -495.829  95.342  0  0.1757209  1.0527504
6   -267.506  -495.793  94.902  0  0.1763094  1.0492401
6   -267.509  -495.758  94.440  0  0.1760130  1.0510049
6   -267.512  -495.723  94.006  0  0.1748016  1.0582808
6   -267.514  -495.688  93.589  0  0.1726586  1.0714019
6   -267.516  -495.653  93.176  0  0.1695552  1.0909904
6   -267.518  -495.618  92.794  0  0.1655066  1.1176486
6   -267.520  -495.583  92.434  0  0.1605832  1.1518753
6   -267.521  -495.548  92.081  0  0.1548503  1.1944694
6   -267.523  -495.513  91.750  0  0.1483845  1.2000000
6   -267.524  -495.478  91.431  0  0.1412899  1.2000000
6   -267.525  -495.443  91.114  0  0.1336484  1.2000000
6   -267.525  -495.408  90.852  0  0.1255860  1.2000000
6   -267.526  -495.373  90.638  0  0.1172964  1.2000000
6   -267.526  -495.339  90.448  0  0.1089551  1.2000000
6   -267.526  -495.304  90.285  0  0.1007113  1.2000000
6   -267.527  -495.269  90.143  0  0.0927058  1.2000000
6   -267.527  -495.235  90.009  0  0.0850630  1.2000000
6   -267.527  -495.200  89.893  0  0.0778883  1.2000000
6   -267.527  -495.165  89.792  0  0.0712523  1.2000000
7   -267.527  -495.130  89.695  0  0.0651556  1.2000000
7   -267.526  -495.095  89.610  0  0.0595688  1.2000000
7   -267.526  -495.059  89.535  0  0.0544647  1.2000000
7   -267.526  -495.023  89.469  0  0.0498292  1.2000000
7   -267.525  -494.987  89.407  0  0.0456666  1.2000000
7   -267.525  -494.950  89.350  0  0.0419726  1.2000000
7   -267.525  -494.914  89.293  0  0.0387303  1.2000000
7   -267.524  -494.878  89.236  0  0.0359146  1.2000000
7   -267.524  -494.843  89.175  0  0.0334633  1.2000000
7   -267.523  -494.808  89.113  0  0.0312836  1.2000000
7   -267.523  -494.773  89.045  0  0.0292970  1.2000000
7   -267.522  -494.738  88.969  0  0.0274397  1.2000000
7   -267.522  -494.704  88.890  0  0.0256583  1.2000000
7   -267.521  -494.669  88.816  0  0.0239281  1.2000000
7   -267.520  -494.635  88.745  0  0.0222461  1.2000000
7   -267.519  -494.600  88.675  0  0.0206146  1.2000000
7   -267.519  -494.565  88.635  0  0.0190850  1.2000000
7   -267.518  -494.530  88.622  0  0.0177611  1.2000000
7   -267.517  -494.495  88.624  0  0.0167183  1.2000000
7   -267.516  -494.460  88.621  0  0.0159675  1.2000000
7   -267.515  -494.424  88.613  0  0.0154877  1.2000000
7   -267.514  -494.388  88.602  0  0.0152434  1.2000000
7   -267.513  -494.352  88.596  0  0.0151991  1.2000000
7   -267.513  -494.315  88.595  0  0.0153416  1.2000000
7   -267.512  -494.279  88.598  0  0.0156745  1.2000000
7   -267.511  -494.242  88.594  0  0.0161892  1.2000000
7   -267.510  -494.205  88.582  0  0.0168614  1.2000000
7   -267.509  -494.168  88.562  0  0.0176739  1.2000000
7   -267.508  -494.130  88.533  0  0.0186144  1.2000000
7   -267.507  -494.094  88.497  0  0.0196622  1.2000000
7   -267.506  -494.057  88.451  0  0.0207790  1.2000000
7   -267.505  -494.020  88.384  0  0.0219003  1.2000000
7   -267.504  -493.984  88.292  0  0.0229182  1.2000000
7   -267.503  -493.947  88.179  0  0.0237043  1.2000000
7   -267.502  -493.911  88.078  0  0.0241909  1.2000000
7   -267.501  -493.876  87.986  0  0.0243850  1.2000000
7   -267.499  -493.840  87.899  0  0.0243173  1.2000000
7   -267.498  -493.805  87.835  0  0.0240505  1.2000000
7   -267.497  -493.770  87.790  0  0.0236668  1.2000000
7   -267.495  -493.736  87.758  0  0.0232458  1.2000000
7   -267.494  -493.701  87.733  0  0.0228692  1.2000000
7   -267.493  -493.667  87.715  0  0.0225754  1.2000000
7   -267.491  -493.633  87.700  0  0.0223361  1.2000000
7   -267.490  -493.599  87.677  0  0.0221208  1.2000000
7   -267.489  -493.565  87.647  0  0.0219345  1.2000000
7   -267.487  -493.532  87.613  0  0.0217987  1.2000000
7   -267.486  -493.499  87.587  0  0.0217541  1.2000000
7   -267.484  -493.465  87.567  0  0.0218751  1.2000000
7   -267.483  -493.432  87.549  0  0.0222513  1.2000000
7   -267.482  -493.399  87.523  0  0.0229323  1.2000000
7   -267.480  -493.366  87.488  0  0.0238924  1.2000000
7   -267.479  -493.332  87.450  0  0.0250793  1.2000000
7   -267.477  -493.299  87.402  0  0.0264202  1.2000000
7   -267.476  -493.265  87.342  0  0.0277898  1.2000000
7   -267.474  -493.231  87.281  0  0.0290586  1.2000000
7   -267.473  -493.197  87.191  0  0.0301294  1.2000000
7   -267.471  -493.162  87.072  0  0.0309207  1.2000000
7   -267.469  -493.127  86.995  0  0.0314465  1.2000000
7   -267.467  -493.092  86.964  0  0.0318173  1.2000000
7   -267.465  -493.057  86.921  0  0.0320725  1.2000000
7   -267.463  -493.022  86.853  0  0.0321425  1.2000000
7   -267.462  -492.987  86.776  0  0.0319734  1.2000000
7   -267.460  -492.953  86.683  0  0.0315597  1.2000000
7   -267.458  -492.918  86.573  0  0.0308814  1.2000000
7   -267.456  -492.884  86.454  0  0.0298933  1.2000000
7   -267.453  -492.850  86.354  0  0.0285828  1.2000000
7   -267.451  -492.816  86.271  0  0.0269943  1.2000000
7   -267.449  -492.781  86.197  0  0.0251751  1.2000000
7   -267.447  -492.747  86.163  0  0.0232111  1.2000000
7   -267.444  -492.713  86.168  0  0.0212508  1.2000000
7   -267.442  -492.678  86.198  0  0.0194182  1.2000000
7   -267.440  -492.644  86.195  0  0.0177321  1.2000000
7   -267.438  -492.610  86.158  0  0.0161315  1.2000000
7   -267.435  -492.575  86.100  0  0.0145281  1.2000000
7   -267.433  -492.541  86.079  0  0.0128923  1.2000000
7   -267.431  -492.507  86.094  0  0.0113167  1.2000000
7   -267.428  -492.473  86.132  0  0.0099542  1.2000000
7   -267.426  -492.439  86.138  0  0.0088802  1.2000000
7   -267.424  -492.405  86.111  0  0.0080399  1.2000000
7   -267.421  -492.371  86.064  0  0.0073412  1.2000000
8   -267.419  -492.337  86.032  0  0.0067105  1.2000000
8   -267.417  -492.303  86.012  0  0.0060837  1.2000000
8   -267.414  -492.270  85.997  0  0.0054287  1.2000000
8   -267.412  -492.237  85.984  0  0.0047498  1.2000000
8   -267.410  -492.203  85.971  0  0.0040258  1.2000000
8   -267.407  -492.170  85.958  0  0.0031952  1.2000000
8   -267.405  -492.137  85.966  0  0.0022284  1.2000000
8   -267.403  -492.104  85.994  0  0.0011907  1.2000000
8   -267.400  -492.070  86.029  0  0.0006777  1.2000000
8   -267.398  -492.037  86.035  0  0.0008997  1.2000000
8   -267.396  -492.003  86.013  0  0.0013796  1.2000000
8   -267.393  -491.970  85.985  0  0.0019531  1.2000000
8   -267.391  -491.935  85.946  0  0.0026317  1.2000000
8   -267.388  -491.901  85.897  0  0.0034539  1.2000000
8   -267.386  -491.866  85.868  0  0.0043978  1.2000000
8   -267.383  -491.831  85.859  0  0.0053882  1.2000000
8   -267.381  -491.796  85.907  0  0.0062944  1.2000000
8   -267.378  -491.761  85.995  0  0.0069434  1.2000000
8   -267.376  -491.726  86.062  0  0.0072532  1.2000000
8   -267.374  -491.691  86.118  0  0.0072357  1.2000000
8   -267.371  -491.656  86.173  0  0.0068995  1.2000000
8   -267.369  -491.621  86.230  0  0.0062369  1.2000000
8   -267.366  -491.585  86.276  0  0.0052814  1.2000000
8   -267.364  -491.550  86.312  0  0.0041224  1.2000000
8   -267.362  -491.514  86.314  0  0.0028825  1.2000000
8   -267.360  -491.477  86.283  0  0.0016895  1.2000000
8   -267.357  -491.441  86.246  0  0.0008922  1.2000000
8   -267.355  -491.405  86.209  0  0.0008996  1.2000000
8   -267.352  -491.370  86.172  0  0.0014976  1.2000000
8   -267.350  -491.334  86.154  0  0.0022654  1.2000000
8   -267.348  -491.298  86.153  0  0.0030948  1.2000000
8   -267.345  -491.263  86.166  0  0.0039721  1.2000000
8   -267.343  -491.227  86.165  0  0.0048532  1.2000000
8   -267.340  -491.192  86.148  0  0.0056387  1.2000000
8   -267.338  -491.157  86.124  0  0.0062731  1.2000000
8   -267.336  -491.121  86.091  0  0.0067583  1.2000000
8   -267.333  -491.086  86.048  0  0.0070910  1.2000000
8   -267.331  -491.051  86.003  0  0.0072433  1.2000000
8   -267.328  -491.015  85.976  0  0.0072072  1.2000000
8   -267.326  -490.979  85.968  0  0.0070200  1.2000000
8   -267.323  -490.943  85.969  0  0.0067509  1.2000000
8   -267.321  -490.907  85.975  0  0.0064904  1.2000000
8   -267.318  -490.870  85.968  0  0.0062889  1.2000000
8   -267.316  -490.834  85.948  0  0.0061441  1.2000000
8   -267.313  -490.797  85.947  0  0.0060830  1.2000000
8   -267.310  -490.760  85.963  0  0.0061620  1.2000000
8   -267.308  -490.723  85.972  0  0.0063733  1.2000000
8   -267.305  -490.685  85.974  0  0.0066354  1.2000000
8   -267.303  -490.648  85.967  0  0.0068860  1.2000000
8   -267.300  -490.611  85.951  0  0.0071151  1.2000000
8   -267.297  -490.574  85.920  0  0.0073163  1.2000000
8   -267.295  -490.538  85.875  0  0.0074669  1.2000000
8   -267.292  -490.502  85.825  0  0.0075505  1.2000000
8   -267.290  -490.466  85.795  0  0.0075892  1.2000000
8   -267.287  -490.431  85.784  0  0.0076302  1.2000000
8   -267.284  -490.395  85.784  0  0.0077058  1.2000000
8   -267.282  -490.360  85.779  0  0.0078226  1.2000000
8   -267.279  -490.324  85.770  0  0.0079684  1.2000000
8   -267.276  -490.288  85.759  0  0.0081440  1.2000000
8   -267.274  -490.253  85.733  0  0.0083558  1.2000000
8   -267.271  -490.216  85.690  0  0.0085717  1.2000000
8   -267.268  -490.180  85.644  0  0.0087236  1.2000000
8   -267.265  -490.143  85.630  0  0.0087900  1.2000000
8   -267.263  -490.105  85.647  0  0.0088426  1.2000000
8   -267.260  -490.067  85.652  0  0.0089567  1.2000000
8   -267.257  -490.028  85.642  0  0.0091502  1.2000000
8   -267.254  -489.989  85.625  0  0.0094217  1.2000000
8   -267.251  -489.950  85.607  0  0.0097806  1.2000000
8   -267.248  -489.911  85.588  0  0.0102417  1.2000000
8   -267.245  -489.871  85.570  0  0.0107946  1.2000000
8   -267.242  -489.832  85.549  0  0.0113900  1.2000000
8   -267.239  -489.793  85.524  0  0.0119734  1.2000000
8   -267.236  -489.754  85.494  0  0.0125026  1.2000000
8   -267.233  -489.716  85.460  0  0.0129412  1.2000000
8   -267.230  -489.678  85.417  0  0.0132523  1.2000000
8   -267.227  -489.640  85.365  0  0.0134127  1.2000000
8   -267.224  -489.604  85.309  0  0.0134308  1.2000000
8   -267.221  -489.567  85.276  0  0.0133564  1.2000000
8   -267.218  -489.531  85.266  0  0.0132374  1.2000000
8   -267.215  -489.495  85.246  0  0.0130430  1.2000000
9   -267.212  -489.460  85.212  0  0.0126978  1.2000000
9   -267.209  -489.426  85.172  0  0.0121747  1.2000000
9   -267.206  -489.391  85.132  0  0.0115055  1.2000000
9   -267.203  -489.358  85.089  0  0.0107304  1.2000000
9   -267.200  -489.324  85.046  0  0.0098535  1.2000000
9   -267.197  -489.291  85.018  0  0.0088644  1.2000000
9   -267.194  -489.258  85.006  0  0.0077813  1.2000000
9   -267.192  -489.225  84.999  0  0.0066411  1.2000000
9   -267.189  -489.192  85.003  0  0.0055009  1.2000000
9   -267.186  -489.159  85.019  0  0.0044346  1.2000000
9   -267.183  -489.127  85.039  0  0.0034934  1.2000000
9   -267.180  -489.094  85.046  0  0.0026772  1.2000000
9   -267.177  -489.061  85.042  0  0.0019474  1.2000000
9   -267.174  -489.028  85.031  0  0.0012482  1.2000000
9   -267.171  -488.995  85.039  0  0.0006481  1.2000000
9   -267.169  -488.962  85.066  0  0.0005116  1.2000000
9   -267.166  -488.928  85.103  0  0.0007905  1.2000000
9   -267.163  -488.895  85.112  0  0.0010921  1.2000000
9   -267.160  -488.862  85.092  0  0.0013417  1.2000000
9   -267.157  -488.828  85.056  0  0.0015772  1.2000000
9   -267.154  -488.795  85.042  0  0.0018264  1.2000000
9   -267.151  -488.761  85.049  0  0.0020707  1.2000000
9   -267.148  -488.728  85.067  0  0.0023049  1.2000000
9   -267.146  -488.694  85.070  0  0.0025735  1.2000000
9   -267.143  -488.660  85.061  0  0.0029601  1.2000000
9   -267.140  -488.626  85.045  0  0.0035206  1.2000000
9   -267.137  -488.593  85.047  0  0.0042257  1.2000000
9   -267.134  -488.559  85.065  0  0.0049817  1.2000000
9   -267.131  -488.525  85.094  0  0.0057135  1.2000000
9   -267.128  -488.490  85.120  0  0.0064090  1.2000000
9   -267.125  -488.456  85.144  0  0.0071005  1.2000000
9   -267.122  -488.422  85.167  0  0.0078067  1.2000000
9   -267.119  -488.387  85.175  0  0.0085249  1.2000000
9   -267.116  -488.353  85.168  0  0.0092650  1.2000000
9   -267.113  -488.318  85.150  0  0.0100451  1.2000000
9   -267.110  -488.284  85.150  0  0.0108350  1.2000000
9   -267.108  -488.249  85.167  0  0.0115606  1.2000000
9   -267.105  -488.215  85.195  0  0.0122068  1.2000000
9   -267.102  -488.180  85.243  0  0.0128106  1.2000000
9   -267.099  -488.146  85.313  0  0.0133456  1.2000000
9   -267.096  -488.111  85.395  0  0.0137080  1.2000000
9   -267.093  -488.076  85.444  0  0.0138498  1.2000000
9   -267.090  -488.041  85.462  0  0.0138237  1.2000000
9   -267.088  -488.007  85.466  0  0.0137023  1.2000000
9   -267.085  -487.972  85.494  0  0.0134949  1.2000000
9   -267.082  -487.936  85.548  0  0.0131537  1.2000000
9   -267.079  -487.901  85.608  0  0.0126473  1.2000000
9   -267.077  -487.865  85.632  0  0.0120193  1.2000000
9   -267.074  -487.828  85.623  0  0.0113737  1.2000000
9   -267.071  -487.791  85.625  0  0.0107658  1.2000000
9   -267.068  -487.754  85.645  0  0.0101656  1.2000000
9   -267.065  -487.716  85.651  0  0.0095524  1.2000000
9   -267.062  -487.679  85.639  0  0.0089583  1.2000000
9   -267.060  -487.642  85.669  0  0.0083570  1.2000000
9   -267.057  -487.604  85.746  0  0.0076374  1.2000000
9   -267.054  -487.568  85.801  0  0.0067698  1.2000000
9   -267.051  -487.531  85.823  0  0.0058493  1.2000000
9   -267.049  -487.496  85.831  0  0.0049485  1.2000000
9   -267.046  -487.460  85.819  0  0.0040798  1.2000000
9   -267.044  -487.425  85.786  0  0.0032605  1.2000000
9   -267.041  -487.391  85.742  0  0.0025469  1.2000000
9   -267.038  -487.356  85.722  0  0.0019921  1.2000000
9   -267.036  -487.322  85.726  0  0.0015894  1.2000000
9   -267.033  -487.288  85.740  0  0.0012783  1.2000000
9   -267.031  -487.254  85.760  0  0.0009700  1.2000000
9   -267.028  -487.221  85.787  0  0.0006009  1.2000000
9   -267.026  -487.187  85.817  0  0.0003758  1.2000000
9   -267.023  -487.153  85.824  0  0.0005328  1.2000000
9   -267.021  -487.120  85.809  0  0.0009488  1.2000000
9   -267.018  -487.086  85.784  0  0.0013902  1.2000000
9   -267.016  -487.052  85.770  0  0.0017039  1.2000000
9   -267.014  -487.019  85.766  0  0.0018366  1.2000000
9   -267.011  -486.985  85.766  0  0.0018341  1.2000000
9   -267.009  -486.951  85.755  0  0.0017559  1.2000000
9   -267.006  -486.918  85.732  0  0.0016327  1.2000000
9   -267.003  -486.884  85.703  0  0.0014963  1.2000000
9   -267.001  -486.850  85.690  0  0.0014115  1.2000000
9   -266.998  -486.815  85.694  0  0.0014499  1.2000000
9   -266.996  -486.781  85.706  0  0.0016244  1.2000000
9   -266.993  -486.746  85.714  0  0.0018884  1.2000000
10  -266.991  -486.712  85.720  0  0.0021813  1.2000000
10  -266.988  -486.677  85.723  0  0.0024791  1.2000000
10  -266.985  -486.642  85.723  0  0.0028027  1.2000000
10  -266.983  -486.607  85.720  0  0.0031984  1.2000000
10  -266.980  -486.572  85.715  0  0.0037026  1.2000000
10  -266.977  -486.537  85.719  0  0.0043286  1.2000000
10  -266.975  -486.502  85.731  0  0.0050830  1.1994366
10  -266.972  -486.467  85.751  0  0.0059741  1.1846733
10  -266.970  -486.432  85.755  0  0.0069960  1.1696998
10  -266.967  -486.396  85.743  0  0.0081217  1.1545501
10  -266.964  -486.361  85.722  0  0.0093351  1.1392599
10  -266.962  -486.326  85.685  0  0.0106269  1.1237485
10  -266.959  -486.291  85.632  0  0.0119626  1.1080516
10  -266.956  -486.257  85.569  0  0.0132865  1.0922076
10  -266.954  -486.222  85.532  0  0.0145978  1.0761176
10  -266.951  -486.187  85.522  0  0.0159754  1.0598193
10  -266.948  -486.153  85.527  0  0.0174876  1.0433538
10  -266.946  -486.118  85.500  0  0.0190962  1.0265956
10  -266.943  -486.084  85.439  0  0.0206757  1.0095837
10  -266.940  -486.049  85.360  0  0.0221386  0.9923600
10  -266.937  -486.015  85.303  0  0.0235244  0.9747877
10  -266.935  -485.980  85.267  0  0.0249500  0.9569055
10  -266.932  -485.946  85.242  0  0.0265292  0.9387548
10  -266.929  -485.912  85.208  0  0.0283435  0.9201913
10  -266.926  -485.877  85.164  0  0.0304450  0.9012518
10  -266.923  -485.843  85.113  0  0.0328692  0.8819755
10  -266.920  -485.809  85.050  0  0.0356272  0.8622009
10  -266.917  -485.774  84.972  0  0.0387275  0.8419598
10  -266.914  -485.740  84.885  0  0.0422074  0.8212858
10  -266.911  -485.706  84.791  0  0.0461554  0.7999956
10  -266.908  -485.671  84.686  0  0.0506643  0.7781103
10  -266.905  -485.637  84.573  0  0.0557227  0.7556519
10  -266.902  -485.603  84.493  0  0.0814089  0.7324635
10  -266.898  -485.568  84.443  0  0.1121166  0.7085524
10  -266.895  -485.534  84.411  0  0.1223525  0.6839252
10  -266.892  -485.500  84.333  0  0.1257645  0.6583274
10  -266.888  -485.466  84.207  0  0.1269018  0.6317320
10  -266.885  -485.432  84.050  0  0.1272809  0.6041026
10  -266.881  -485.398  83.856  0  0.1274073  0.5751144
10  -266.878  -485.364  83.620  0  0.1274494  0.5446590
10  -266.874  -485.330  83.358  0  0.1274635  0.5125913
10  -266.870  -485.297  83.094  0  0.1274682  0.4783098
10  -266.866  -485.263  82.820  0  0.1274697  0.4414374
10  -266.862  -485.229  82.511  0  0.1274702  0.4014144
10  -266.857  -485.196  82.163  0  0.1274704  0.3575767
10  -266.853  -485.164  81.731  0  0.1274705  0.3083150
10  -266.848  -485.132  81.233  0  0.1274705  0.2507369
10  -266.843  -485.101  80.776  0  0.0849803  0.1764304
10  -266.838  -485.070  80.776  0  0.0000000  0.0000000
